5499 8160 1369 7476 447 2957 2918 2324 9848 2491 1729 3626 7203 138 8569 8883 3087 7410 1678 7563 9062 2237 1918 5625 4086 9742 438 2556 3412 5529 8825 896 9998 1462 1765 8275 8419 3945 2190 1945 1261 4704 8944 5802 8035 4071 6936 9929 6587 6759 9793 2621 6992 150 5023 4915 7974 5072 1663 7623 5803 9082 441 869 5702 2247 6430 6108 5760 5423 4208 669 3329 1042 5507 4778 3939 6385 9377
564 5782 8469 4963 3830 3786 6481 2912 6738 6057 4777 2790 9423 588 6679 5213 779 969 3101 4908 6741 1541 7070 7120 1069 5054 770 6518 8621 2822 5062 8600 1147 7380 1521 3601 5556 7639 6967 2899 4710 6545 495 7920 697 1232 3006 1546 612 5678 9238 2019 4846 5869 2304 9349 7859 7442 708 4223 1468 5854 7893 9402 620 9029 4262 3638 1680 2520 1713 8074 3212 7162 668 5152 9256 9230
2801 4420 8789 6735 1176 5722 9278 7911 1604 8794 2706 9432 1804 5282 2225 76 3218 40 8227 6285 6163 5670 4747 2952 7491 9547 8367 6694 743 3355 9625 1643 8804 5114 6921 7715 9063 3714 2920 1407 1068 5944 3462 9060 6677 6028 8968 2659 2724 7649 8347 8097 6166 8486 5396 5970 1746 7245 7714 4850 2145 3185 8105 7068 641 8154 8482 6999 6260 1122 6279 1838 1442 5206 3352 4883 2187
679 3371 4836 3096 3523 6019 2297 7002 7281 9645 9578 1475 4417 2442 7839 8306 6233 2966 6533 6291 7399 6538 4182 8881 2988 4156 1663 4345 8001 3897 7988 8419 9405 4824 8586 9470 662 3392 6082 6145 8753 2357 3578 7531 3724 2176 439 5811 704 4922 568 1423 4441 684 3193 706 6336 6472 6143 6071 3970 7631 1634 8645 3136 1738 4546 3436 2373 5015 3209 6979 9993 1232 2678 7505
2653 3798 52 5860 2705 8685 3385 4338 8805 1776 1360 6312 6686 9110 8618 2031 5568 5648 4933 736 4562 6047 2858 7693 1579 7940 7887 3727 4734 7724 1110 7248 6255 8833 4368 8786 8887 2525 7910 8023 4799 1163 551 3321 6988 3990 2326 3754 3191 5422 9645 3644 2283 5816 2955 9583 3193 4760 6890 9975 6301 6854 2929 7058 7350 9984 4555 1441 3851 6113 4908 9132 3988 4556 6942
1783 5054 1212 1405 8365 4386 6565 7880 439 5714 5693 8277 1426 9035 286 4980 4296 7596 6656 3389 2337 5553 2766 830 2442 8126 7759 7956 888 4257 3992 2660 1619 1763 1565 6475 7026 4995 5354 3484 1228 4995 4543 1725 5853 2148 4652 7096 8323 1343 2070 9764 2629 9626 1088 3071 2617 6359 3428 4935 7767 5872 274 1765 1478 2626 6804 4858 1841 8859 9224 9315 4930 4757
3608 552 6690 5127 6136 3066 7066 2481 1298 9786 3036 4827 6941 6349 2648 5639 2289 8637 92 9339 5600 9807 4606 4580 4321 9824 1885 20 7744 7489 7984 2609 2165 4974 5727 8373 8534 4850 3609 5688 2621 9619 7207 1067 7662 3748 3085 7436 9523 8197 5198 4921 4352 7451 3801 4127 8736 9053 6853 1915 2359 5632 3926 9690 3155 9438 2607 4181 4968 9370 7409 715 7706
7359 5631 5257 7269 5442 9057 7316 7368 8318 9281 1851 2218 8071 2515 5342 9519 2654 4238 5846 4132 2919 8101 6269 8228 2149 7340 157 3954 8092 8672 9966 8579 7491 8711 7855 2159 3111 2867 8958 7686 3275 6754 7169 3751 3895 103 3425 9694 3002 3154 6482 3266 7775 5579 6203 780 4079 7876 9334 9771 8487 5280 7786 4152 2820 4167 9421 1866 1172 966 1325 5048
7797 7546 8918 7793 9049 6860 5682 3516 7834 7538 7248 5806 1029 1570 2294 7184 7898 3143 4780 8701 9012 1925 4107 9459 7642 8840 7770 8652 3671 4356 6516 91 1 9262 2003 9237 1454 7951 6949 2737 6188 4200 7796 444 9593 9453 9863 9960 704 3600 5000 3662 1101 8260 1748 8231 6324 2564 7992 6690 9771 1431 6123 2926 9109 6351 686 8731 5179 8673 8540
3284 4716 6723 4738 5526 499 107 2016 9426 6916 2403 7132 4985 6122 3205 5645 5021 3679 6256 7534 8459 8714 8982 8611 6108 6574 4520 4424 8941 3983 6251 6663 8882 6698 4834 2066 2082 9667 7731 3828 4699 9682 1247 5503 1185 538 5049 7415 5064 687 9212 5561 2214 3397 3737 3017 6645 9404 591 3846 8785 2077 8233 9504 6261 5060 8649 7745 7175 2442
796 1332 6319 227 8575 5315 7646 7556 8603 3215 2273 8752 9010 4192 4546 7769 9461 7187 6361 5287 1308 445 8568 4499 250 3547 4878 9387 1487 1948 8270 5506 7378 3999 9897 3264 7598 486 494 3704 1791 6654 4278 6785 4727 6745 5361 2164 3960 1028 6655 2476 9985 5322 1276 9114 8891 3043 6449 517 7520 9717 9921 2939 1122 29 8860 3744 3509
3222 6486 378 9168 8869 3045 4466 2193 6092 395 8536 1468 6122 4174 176 3259 5593 690 4323 3646 6072 8332 9053 1179 6086 1477 3857 2035 5658 6892 421 7675 3337 2645 5911 5000 5726 9506 8753 9004 9518 4862 6916 7937 6025 9110 8688 953 8209 4579 5961 8271 215 6920 13 3836 9396 9026 9786 463 856 7431 2674 7504 4470 1218 7794 1000
437 7892 4039 2996 9031 5194 68 1388 7944 2501 6501 7471 6597 3530 8705 8077 8214 9980 9985 592 1225 7309 4244 4988 3167 3014 1137 8358 7099 7415 3723 1947 503 6937 8630 679 6687 9888 8707 5190 8701 4744 8176 6365 5734 926 297 2360 2027 2084 7513 8138 8270 1879 4120 7503 5522 2261 1412 7624 1605 4256 5340 6074 14 1239 6672
7185 7441 2421 8928 7280 7111 1952 3865 1309 9618 9216 6386 1622 1933 3741 9130 9173 7085 1231 3065 9306 6830 5604 1394 24 6798 3525 5962 2781 4153 1432 6165 5758 7747 5070 355 9647 781 1523 9740 5932 5953 3742 4803 7665 3125 7580 4194 2758 9467 1323 6147 9750 2127 7715 2383 6103 3374 8500 4511 8972 8261 1445 2944 8493 4785
6135 4370 8555 765 706 3137 9603 8125 8828 4835 613 739 1574 4186 6134 1317 4203 7714 2175 7582 8818 5786 102 550 9528 7134 3050 5304 99 5893 4830 4286 4109 1128 1330 3069 7608 8866 4426 8643 4275 6632 8385 198 3070 473 8777 2397 8393 4492 3872 1168 2740 2884 8552 1977 1857 4460 722 614 2402 9680 203 6470 2095
8571 6231 8184 733 2794 9104 8615 4637 303 8846 9671 8762 3513 4420 8324 3096 2271 9373 7178 2592 5886 5736 2756 2336 7663 435 6276 5194 1932 4190 6935 1972 3577 2933 7692 4073 73 1702 3543 8650 6011 1054 2310 6266 138 5970 7916 1047 4875 7262 6170 3340 8361 5478 3047 4870 8979 7306 5468 6394 2386 4487 4585 7859
2778 4579 9577 1276 8814 941 54 4096 3157 9708 7131 8323 1684 4609 8021 9624 7980 5632 3034 8755 7243 7306 727 6089 2685 9484 5569 8650 4443 621 8095 9645 985 3556 7557 494 3014 3795 7085 5358 9877 293 1345 8177 8469 8728 6687 2196 4641 7296 3812 1998 7103 4977 2921 8035 3835 2326 1371 3661 991 4752 3837
7488 2121 1432 7677 5767 586 7191 8114 4638 2813 7719 8120 7086 5739 7004 3818 2983 7526 9744 6068 7365 2710 5887 6872 1220 9859 7649 8282 4756 1736 9059 3805 3200 7943 7980 2308 5063 90 647 4426 2933 9439 8692 1470 6748 7072 8683 6827 9584 6538 4146 9874 5930 9016 106 2379 2475 966 108 7409 1383 4286
5746 8615 7139 6258 4241 3066 791 750 4439 3303 6425 5169 5505 4135 5205 1770 5952 6707 6155 8597 8792 3034 2566 269 9196 3031 904 1256 4652 4045 2214 1663 7615 2885 6028 5512 670 356 6771 1522 4182 8286 2667 6390 6459 9062 7141 575 6401 7657 2736 6572 8664 6165 7508 9704 1310 828 3939 1395 5963
678 1145 8078 1528 7696 755 6833 3144 9175 1794 773 9078 3244 2963 7032 695 9992 3951 9165 1982 6007 1838 7922 7213 1397 4 4533 1103 9328 9532 6483 1456 8058 3122 5805 4334 5461 1483 9847 1707 6059 2255 4568 1606 561 1404 306 784 7883 7134 67 9873 9690 6292 304 1037 7422 3274 4199 8127
6140 9391 5452 9558 78 4177 2560 1938 1921 8309 717 9058 411 6308 6637 2454 8399 9734 7787 5782 9256 7969 44 1848 5776 1502 7843 2138 1581 7701 6846 8853 5032 9105 9090 9438 5631 4200 646 3613 2930 696 1770 2904 7935 1317 9569 2675 7014 2077 3151 6659 8302 3062 1280 3992 610 1712 2535
861 1524 9628 3329 6570 8819 693 7002 4695 7176 8803 3370 9638 1161 9442 947 3468 4216 5836 1894 6699 6318 5986 917 1577 4133 2199 6679 7855 3671 3120 5705 1080 5447 8265 8786 3367 2131 5049 9887 6687 8709 8319 7555 8646 5139 2384 8821 768 1505 5548 5609 9267 5671 7140 3642 8345 3446
7750 1385 7579 302 556 7040 9733 9343 7716 2206 160 9560 4150 8809 5539 6029 1776 2146 9318 2900 7171 7912 621 6672 1730 1738 5648 1985 4312 1211 1587 9889 6410 418 3019 8637 9796 6969 824 6956 6682 1533 3585 9834 2378 9862 1500 6802 443 7332 2781 2711 344 5968 2567 1016 7615
803 2400 4161 8901 5083 5309 4168 4095 1494 1602 1114 7987 907 8619 5584 3474 3188 3602 7860 6236 4230 2584 1202 4890 5481 1807 7628 3653 5976 1622 6201 7489 6873 2899 3802 9774 8475 5931 8417 2447 9771 1844 4920 8667 462 6496 3346 7972 5490 6890 9679 3931 2077 78 9135 4303
9859 9437 7490 1422 1426 3583 570 1392 1015 1838 7554 8585 9135 2796 4819 9938 9314 5371 9644 4039 7002 2080 374 656 977 4825 9075 2770 7255 3176 6691 1107 5496 5148 698 1169 7908 486 5260 2762 654 6441 3890 2033 7755 6062 4601 5996 7506 8964 7564 9567 1372 4619 5266
9918 2454 5159 8277 4502 3897 9127 4220 1772 236 7197 8531 829 3819 5874 3527 1720 6029 8941 6569 8720 7437 6988 1478 6115 463 9441 2433 6480 4524 9096 383 1466 3699 9149 1949 5073 6880 2730 833 9437 430 4928 1723 3115 3338 7329 6699 1852 4879 5043 4143 1880 4763
2425 7896 8559 6340 3336 4428 9537 3455 5913 4593 753 5347 981 6971 5807 5696 6523 3039 6480 3037 7839 6705 4130 6536 199 6343 3600 4278 3996 9317 9627 4044 2412 9021 5748 6594 1565 4404 5702 1449 3169 1999 7343 5167 9690 464 9040 2134 2005 7603 8587 7833 9550
3734 7467 1011 645 9518 7788 1925 6969 1127 2245 4513 9312 1707 8228 8589 4760 2933 4433 9443 5837 4533 2254 3627 3165 6326 9701 7231 615 2748 7800 6671 2969 9885 9501 1965 6072 5008 1084 2513 9489 8596 6063 5385 1666 8877 1600 6097 7577 8850 7400 1893 8887
2698 2928 81 9125 2292 4721 8287 9647 1952 8993 4322 1058 5359 4188 6871 7724 621 4855 8188 7698 1671 7428 6744 4743 2183 8506 2388 2863 1973 5638 4002 3343 5904 597 9658 4270 5295 5169 9275 2573 1827 9431 9772 8546 3946 2532 2727 2887 5776 5973 4531
9005 8400 478 8869 1885 7249 5508 1321 1950 4017 8499 4271 8781 1492 9016 7738 8685 4151 5928 700 478 820 9443 4990 3767 9822 5640 1715 9731 6644 3495 152 4406 4084 4417 9158 4457 4910 4279 1080 5471 7018 7947 8152 2728 1088 6314 1412 4487 739
4864 3299 5840 5952 3740 6559 4297 9048 8905 10 4533 1159 9751 909 983 2848 5483 1449 161 7815 7774 782 4568 1176 5928 9555 9096 242 4530 6943 9939 7805 3605 175 5994 7916 1274 6567 2767 4167 8909 8057 8786 473 8793 8232 4501 4349 4269
9818 4025 1964 141 3153 7324 8452 1996 4064 8215 2609 5286 5 8048 1758 6442 8986 3376 6979 2491 1607 9861 1398 6211 5586 8688 958 3790 2790 5463 7708 4980 8770 1621 5584 5752 4788 8335 8684 3456 2352 2920 2056 4475 244 7739 4974 4380
6743 7458 1334 8141 9348 825 8795 1640 9890 6921 4226 5404 9131 2328 3786 5767 6163 8009 2352 7272 2317 7596 8679 7207 7561 8168 3058 2636 9417 3531 7465 9929 4361 1 8226 6794 1728 4686 1165 6809 123 6266 9266 6451 6323 8274 2829
2475 4703 6875 1816 9331 7311 6213 6626 385 5206 8710 6925 3973 6772 1519 6845 3444 7240 5628 5878 5437 3842 397 5284 663 3467 584 6998 7186 2821 5879 5033 6205 1079 2937 9391 338 5043 9903 2466 4394 6799 3454 7947 8666 3873
132 7206 8670 9635 8051 3760 7994 1788 9357 4023 6627 8606 7159 8467 6241 8323 9539 7027 6991 3083 4705 3631 3928 9730 8649 3234 5899 3088 5303 1347 6959 1737 9193 6067 272 6301 600 2614 4518 227 3208 356 2807 3062 4271
9486 6358 9900 4025 2759 6064 2420 314 7945 5932 644 9204 1340 7671 185 4131 4320 4602 1198 6778 7886 8063 9159 4738 9688 6318 8150 1671 3557 5958 6634 9953 1537 5812 5743 5842 8415 3352 55 7125 8756 3597 877 3281
3825 792 739 4184 5407 6070 4208 9578 5035 6997 9666 7361 6955 9068 8398 2859 155 2947 8067 6639 4760 5240 367 1549 949 1787 1181 2239 351 3436 3241 7197 9959 4326 1278 3285 8535 2667 9682 2759 5513 4024 2660
5472 6200 1514 3093 9028 9672 524 6630 7082 7801 6260 2415 7514 2226 495 7595 3992 9081 5867 3589 6760 6666 2917 4986 5913 5591 9616 957 7182 1438 3401 9158 214 9914 5698 2141 9351 4513 8963 6250 6917 6665
919 725 8692 83 7840 4882 5915 2813 5369 262 4870 560 7993 7579 3370 2500 2828 4045 6620 5010 7271 394 6127 4942 9160 419 1098 5411 9428 2999 2355 4071 7260 6633 8736 3898 7750 6472 6005 6472 2056
292 4275 522 2344 9255 584 8602 6626 4093 7640 5744 586 6964 6422 9133 4815 2150 8424 3778 8313 3081 4565 5788 8645 1870 6593 8162 4595 1342 994 9061 1324 9566 5394 2595 8027 6887 7471 2102 8089
4411 4136 9316 2747 831 1365 8330 4981 6546 3107 7385 4002 8198 7056 3051 3660 6071 9352 8426 2581 2997 7865 3304 3698 5764 7974 6819 6282 9020 850 2611 473 1685 4233 6475 4310 5845 5720 6523
7213 7390 6955 9352 515 9739 2651 9908 5187 8275 6542 2644 1933 8042 4549 9130 524 8742 2994 6617 3088 4895 8129 9429 9887 8486 8171 2881 7599 4131 7830 9676 100 6728 5342 8821 1741 1616
7699 5984 1345 7966 2612 9331 8547 7024 5637 4938 6203 1927 2797 3296 9674 8580 2895 923 3122 5869 7675 9890 911 1439 4477 9861 1519 9974 1392 2616 3941 3984 4920 9084 6596 7079 125
6435 4502 8132 1206 9747 5783 6156 4355 2041 7822 7703 2824 877 2272 7311 7016 5468 2705 3124 8402 6208 6028 2669 2175 6703 6381 1140 2401 8304 1549 2177 9680 7138 1864 1149 1307
9019 7929 2277 1126 7435 2624 1812 3201 8946 2425 6130 768 3993 3006 9738 8231 8063 4266 6335 6808 3101 6117 1463 6549 1413 6758 7665 875 2070 3465 2146 3606 9819 5863 6920
6769 5085 3193 1826 8964 7889 6271 3521 1758 3223 8944 4409 4453 2196 3316 4391 1210 3232 3918 2951 6821 4724 9749 3058 4995 194 8801 7574 9138 5946 5089 8160 5637 1225
1388 8176 9773 218 4971 1604 7991 3864 7111 3886 5589 2942 8020 7320 9383 8369 3348 2264 8897 2321 6840 9156 264 6513 5494 3061 2632 2987 7215 690 7079 7384 976
802 4600 3923 7939 2048 1303 9407 3303 6566 2105 2262 3345 9349 3238 2658 3444 9071 6761 2655 5195 122 4473 4478 1574 7131 4315 1299 4587 2008 9273 519 5432
2124 119 4177 2957 4900 1555 9804 464 1027 8700 6803 1002 8646 3490 2776 4069 4862 363 9670 497 9633 4552 8940 6988 2192 2863 9192 3147 9937 6954 6351
1345 3568 2183 2729 5967 7125 1553 1923 1049 9526 6381 808 2779 3102 9481 4021 483 2651 634 2190 4900 602 1109 8333 8969 4665 707 6766 1106 7991
8493 76 1236 810 8271 8312 6866 595 5148 2088 7414 4941 8679 37 7558 556 9017 3383 1088 6187 2067 470 7309 3406 7138 3789 9955 9885 7110
9487 9363 6747 8752 1719 425 1128 9801 7224 8662 6888 6267 2961 1293 619 6154 4097 7770 1576 1342 8546 6191 2462 5245 3997 2201 2710 2965
8558 6943 6575 5247 9670 8936 2119 3391 7248 8034 5123 7979 3547 3212 3943 627 6186 6730 8935 1316 4549 4927 117 5431 8697 1492 7314
7061 2248 4874 4174 2810 3233 4691 8366 296 7004 7320 5140 3374 4767 3324 2778 9815 7856 7255 4453 2091 5387 4692 7140 646 4416
8777 9077 6003 4038 6777 7724 9711 8084 6169 5710 9392 8643 3510 5041 6491 1496 3610 7340 474 7740 7188 884 7724 7085 1028
8833 9731 6409 8884 1594 1480 8315 9374 375 2124 9061 7553 1129 8773 4933 4206 5048 9679 8166 4154 5605 3146 225 6407
2427 6213 8187 7899 6367 403 5879 1041 1656 7164 6780 9438 3568 5794 153 6356 1644 2158 7417 2959 8599 1978 2312
2238 5817 745 9567 6259 7440 9935 8807 7993 3574 322 7320 2241 4456 9738 8434 1003 610 9547 1781 6758 3000
5409 6729 8776 301 8316 1784 6900 9085 2816 6630 8975 4938 2625 6174 4623 8491 9865 4471 2886 1482 5229
4957 4190 9440 5265 3815 1754 482 1892 3717 9980 7050 2666 9138 7279 912 3816 9332 4608 5560 8256
8503 3092 7543 5752 1689 4721 682 9431 4279 4242 5089 4609 5974 7054 3595 8231 2145 910 3842
3171 6910 9825 7524 6840 1569 4126 8317 4675 2901 1061 2778 8206 2835 7771 3190 1944 6241
7622 759 2582 4381 9437 652 1041 9016 1609 9471 2260 8158 7669 7053 7939 5575 2213
5779 2682 7381 1669 4361 3893 428 9221 3317 1491 3199 6730 7678 9088 1219 1015
6145 8380 8147 3106 822 4574 6247 8574 42 2117 1150 3748 1833 790 4405
2417 1254 7236 8270 9619 5692 3720 9981 6201 4562 1865 3867 8700 6640
5873 9604 5185 6228 3065 9730 5882 9240 3100 1130 5386 1866 4480
5563 3011 7564 6373 83 4813 7526 5395 3144 9086 9699 7181
5693 9291 6125 754 6344 9844 2582 2009 163 4117 6501
9574 5329 218 2547 7486 8291 4327 6310 9530 6698
9491 9453 7991 4240 8657 9199 7725 2854 4531
1937 9746 6394 2313 8228 7101 3503 9255
7384 2739 391 5514 9635 3391 2631
4563 6522 7659 3022 6932 8914
6842 3765 7456 1040 4864
5432 5634 5128 9738
2751 1113 5294
3406 5789
7981
