4445
1096 2697
9607 20 5115
7206 7385 1318 718
3620 3114 521 7586 2209
1074 8024 7760 6084 5167 2212
4295 5438 577 1094 1364 2642 654
510 1176 9008 9997 6150 8983 1443 4348
9444 3556 5596 2679 7377 5182 7623 5741 3079
3327 3401 5377 1521 5397 7682 7358 1585 7621 6821
6882 4030 5891 1406 3061 5429 1314 7387 6935 7030 7668
7338 1265 7177 9716 5721 9868 2652 1158 4497 8551 5526 3276
4420 3423 1775 6336 1228 4946 7037 3403 6282 955 2574 4244 8874
356 1327 4723 3648 9933 7107 2635 7129 770 6310 101 8267 2348 4190
9870 8296 3560 6533 4690 5296 109 7847 8933 9188 1896 1478 4781 4641 3785
192 152 8325 2376 848 959 2621 3563 4251 6659 4248 2509 7777 3834 9827 2752
1046 5213 1558 1058 6260 8041 5837 4785 2700 8293 5947 2493 5436 6966 2764 2448 9473
4659 4301 8297 4963 1277 2988 7921 4520 2755 6161 8281 5063 4361 1732 7010 2084 6918 7817
5759 736 6082 8974 8750 4743 9537 8277 5394 4832 5039 6351 3653 8327 9480 8417 2669 5883 9137
1571 338 4951 474 4032 4754 3850 4064 4094 1378 2512 4992 4912 9447 9587 706 6453 4656 3737 496
1822 1428 7444 9344 4974 6966 6521 2388 4829 5368 9485 2118 2242 287 9245 707 496 4955 9343 300 7338
8738 4824 8599 7968 1927 7822 5717 6256 6079 8872 7252 1360 2244 8541 2870 2679 9525 101 3496 7709 7116 3434
7047 3850 5957 1230 7742 6271 2102 1179 8818 6462 9598 8852 4018 4407 7372 3380 767 5913 6232 107 2203 6531 7152
3975 4323 9555 6511 7772 3755 8837 5161 6523 5208 2815 3228 9166 578 2170 2067 3948 714 93 7375 449 9328 567 4355
9248 4565 1934 3695 9868 4221 1591 8711 5172 4679 5691 5620 1792 2250 9174 499 1294 5322 116 1899 2207 8271 8004 5997 4552
5093 5397 8131 5163 4383 4113 8523 4839 3241 6946 9513 9659 8495 7118 2801 2932 7532 3058 3840 8558 328 2306 131 6192 3971 7917
6237 138 5686 5800 4166 2378 301 9049 1705 6579 8074 1481 8377 5378 9962 6125 9890 9742 1306 4738 163 2876 110 2948 5856 6623 7827
9905 4607 4639 2988 4570 461 87 9353 4042 650 7660 9716 3041 9725 75 9336 8093 3696 5051 320 9563 3927 3604 6772 6185 3555 820 2460
5825 7127 7527 6609 3446 2306 3544 6256 6228 8726 7061 5499 6586 5355 5050 4324 4368 5738 116 7687 8881 1906 8779 673 3433 784 2260 6148 2350
6223 8517 9390 9047 1146 4359 8838 2767 6740 2881 7567 2461 5616 9962 9303 5343 3441 9189 4038 1723 970 5756 6298 158 8576 2878 5937 5118 3287 691
5826 2099 7769 5185 522 5565 6634 4392 6554 7682 2966 6736 9230 3743 9749 9154 2539 9870 6857 9808 1178 6924 9326 3234 5093 6908 8140 8001 6504 1874 3514
1861 3690 2700 2405 6923 7371 95 9141 9147 203 9546 6956 9033 9391 5801 5015 1389 6101 1113 1829 7359 9355 3527 411 8959 2447 7659 5933 6104 1839 7981 5880
4052 1613 6724 589 8204 3721 4883 7521 497 11 6098 4255 9124 2104 9373 4682 2217 8702 1844 165 9863 9494 7063 4694 8650 1562 5782 2544 8688 8282 9227 8424 3145
4629 6687 4879 2121 4716 1060 9164 2540 9077 9176 3911 2265 6105 9574 4879 2413 9748 995 6589 9700 1544 6287 601 1594 5145 8824 6297 3967 3359 1399 4165 1259 7672 7633
8316 2234 4705 1884 9308 8333 3603 9705 5867 2272 6773 7118 9078 2000 9233 4967 1213 8796 5388 7818 7750 1179 7303 9116 1918 1306 5495 8835 1716 3883 2210 3642 9451 7575 7199
2341 4072 6240 7260 7334 6986 1362 7025 4341 6366 974 7448 9645 2075 1851 1601 6334 431 779 4402 6336 8114 2834 7769 4946 8574 2165 8282 7861 931 5273 7332 710 1388 6797 3783
6430 523 2025 8132 6645 966 8106 5007 478 1031 5301 4388 1907 4994 4644 4073 7340 6716 7801 1833 7652 3539 5357 562 2707 2702 7594 5940 8397 239 7772 6587 6172 2390 7909 6717 5066
2810 2406 7096 6884 7592 6715 2000 6659 2753 8334 1046 1570 2465 8454 2028 6641 8957 973 3994 4994 4549 6399 5538 3001 6176 8257 5573 7942 2425 2000 6618 8164 3065 6403 575 5733 1078 7487
6206 3042 8994 8397 3027 3181 3706 7489 2142 2848 1997 5127 421 2650 916 6062 8412 9022 9396 1269 2380 8138 6539 3094 8830 2313 2391 2921 1547 8910 1228 1322 1117 1749 7333 715 6968 5008 3285
3847 8252 7759 56 8301 1808 6389 5504 2123 1642 4441 3692 7376 276 722 1596 5431 9183 6547 540 8995 2703 4026 1349 6646 4438 6836 2009 9862 6166 3513 7817 2553 9244 3223 4044 3089 8519 4051 1084
5458 6356 5928 1741 1267 6541 5714 1214 8672 4287 7170 8397 7433 6528 3361 4998 2241 2279 487 5189 4747 6539 6161 775 8101 6702 199 8839 3975 1462 7888 1909 2099 2213 5783 604 2291 6964 9973 8795 8985
3266 8173 8541 5837 2275 3826 9844 7624 266 2853 1472 2877 7192 9101 3248 527 3567 1626 8752 101 2487 8590 3610 6878 4170 3677 6266 9545 2986 4993 1269 354 6983 6473 5053 7776 9925 1790 4217 1663 5820 760
1998 7025 3138 7225 4177 2609 9443 244 7880 1910 1136 3263 5757 8191 7294 4941 6637 3047 1384 2658 7566 303 9535 7667 8331 2432 1328 2759 8496 9454 3068 2410 6932 346 3571 5446 3846 6941 2446 192 5315 346 872
8878 8731 9756 3290 2325 4333 7676 7079 4993 8528 2451 8187 4726 6494 4916 7498 1178 4861 921 2741 7836 5622 9602 3650 6560 2538 4174 9612 4608 43 5199 9835 4171 4651 6377 5994 4402 8862 2823 7390 5949 7571 1851 8609
3637 1613 936 3914 4570 2946 207 8640 7579 2280 4205 8784 8203 9203 8026 9955 9415 7889 2401 2736 3649 994 1975 7833 7333 6065 6093 3741 7922 4452 2078 6888 3427 2709 1010 4304 4447 6500 6014 8767 8698 7006 3035 6463 8051
8497 6489 1716 1479 1265 4892 5199 7934 4117 5232 7689 8686 2790 4016 1040 6571 6076 5452 3364 7522 7855 5362 7316 5726 1628 7583 874 1275 7540 2879 617 327 1927 341 7508 7759 9330 1299 5182 2330 7039 5723 715 4325 2117 1134
8188 6681 9634 868 5259 9116 3317 469 5581 1958 6691 4025 7587 1127 871 4103 8387 3370 3850 4486 5808 173 8791 5336 2920 4163 4806 848 5065 8017 231 9406 9397 5866 8412 6241 6905 7203 5991 8585 6947 3290 3678 3328 4283 6058 9536
9935 8009 4732 9464 1906 7064 7723 4251 5450 9526 7500 3435 4196 3230 6932 1809 6075 9961 6396 3508 5358 9371 2065 7170 7185 5374 6678 3593 4597 5062 2833 5887 8064 106 8760 2134 7522 661 6605 543 6900 1777 3214 7104 1152 2304 3407 5750
3466 8793 9546 7151 9055 2681 4085 9788 9699 7508 8906 8048 6718 5522 1139 1447 1366 6049 6043 6971 6857 9402 5298 4238 2903 3289 7779 3144 2738 1711 2839 4027 2655 6379 6090 320 4034 615 7689 3709 7874 5756 3112 1787 1825 66 6438 8211 9716
1005 9854 9117 6310 7060 2413 564 91 6805 7973 2197 1498 1757 5698 7904 7273 8986 4952 330 9758 3156 9213 9158 2045 1048 2475 1898 5631 8589 8157 7161 582 396 508 444 8181 1792 8511 2407 6092 3346 2297 9661 6008 7904 2040 8044 3815 117 9371
7280 4512 985 1825 8772 5204 7824 665 7745 5493 1163 9915 8411 3954 4144 6048 6163 2492 9294 9253 9607 248 6807 8600 5096 5 5325 9689 3753 7096 5215 4811 1014 811 4357 5602 8646 8296 6421 8200 9292 970 1651 903 3491 3421 140 4319 9213 4822 7619
9517 8586 5186 1078 9542 2500 9030 9517 5995 7136 2092 1935 8284 2984 9270 7028 2623 6986 5476 5339 4062 6450 3911 4412 1025 5447 6847 6451 2331 3725 8913 8472 6734 8109 2871 4964 4950 6414 7898 3041 4189 3845 369 101 5186 1906 7137 3982 1735 9806 1317 5617
7444 399 4261 3953 7222 8246 9846 7157 7532 2474 3773 8688 5477 7983 5198 1971 592 9258 3914 397 6872 4268 8631 2488 7310 874 7755 9548 924 5737 2672 5823 2284 5723 3525 1150 3554 1810 7499 6121 9012 5492 9605 9737 2093 7687 5952 9560 4905 146 9536 4377 275
3287 769 3249 2831 2164 8888 8437 6592 833 3577 7496 3810 6592 6648 6341 5134 4796 2627 2149 9309 889 2645 1635 8334 4930 854 1839 5115 8632 3328 3403 3621 4890 9473 6356 1544 9809 5930 8391 5450 7241 2983 5649 8443 5811 3463 5998 314 8451 4160 4818 196 4434 9721
1772 3016 9688 2596 7217 3372 5466 3331 6872 5014 7050 3432 730 9173 9614 3276 2464 2912 217 9461 1464 3027 6083 9960 7359 2458 5384 1783 7060 9194 522 1124 4280 7679 3906 6026 1569 2719 6236 1536 4850 5886 7289 7353 443 4427 9189 7997 4602 2669 2200 5456 5542 5925 2997
126 2963 3619 632 7736 3141 4097 5379 9128 3857 8723 6186 9491 8255 4431 5655 3321 8435 660 734 6448 9359 7641 7874 577 5256 7183 686 309 8529 5942 90 2679 1162 1212 6982 9183 8622 9199 7384 316 6273 5814 100 2590 8275 9939 6872 8081 8994 9219 5041 6451 6907 8341 2698
8074 8927 7578 6818 1571 2142 9994 3247 3578 9675 1307 3207 6980 9087 2705 4028 9592 16 8514 5511 6194 8087 4474 5083 3056 1320 8523 5455 4978 9030 4078 4777 4813 3241 5812 9294 5505 2586 7944 8504 4614 8714 5014 2815 1355 5203 5163 3693 6118 8955 5919 6332 2512 4113 2475 4800 1887
7845 1731 6608 3541 9073 6820 1322 9940 8697 4540 6086 8125 9796 9365 8850 2653 6007 975 1321 8674 3553 8156 7245 7095 5776 5218 3195 2225 170 892 1843 1943 7910 9737 7748 345 5884 6053 5636 2905 1224 280 1178 4131 8336 7904 4274 7720 8436 872 4835 9214 1576 1488 1063 1159 1175 8825
4164 4694 8245 5682 3095 6120 8743 968 5462 3022 6853 7075 7042 9286 9782 8287 9790 7131 9118 7608 3876 1012 9118 1917 2212 4022 7485 9628 7487 6809 8651 845 1697 8971 9557 16 8173 2972 7936 1092 6120 540 3093 5182 7639 1576 9186 710 7265 5566 1008 6069 3995 5477 2268 4781 5820 4173 6372
4258 3637 2530 624 8986 1488 5423 4338 7350 2189 9896 8690 319 1544 4913 191 669 6807 4446 2194 5015 599 5757 58 8340 7302 185 8796 1030 1977 6417 3241 8398 1764 6279 691 2724 9785 3012 6074 7779 1564 2051 9600 5863 3913 4314 6920 7329 6356 1977 1779 2621 5026 6755 1175 6799 9075 690 3014
7854 6880 2000 8249 4601 6867 7026 557 337 1614 4005 4101 3728 1334 6159 119 870 823 2342 4815 7322 3362 5327 4525 2640 7127 2583 3364 7401 4092 9555 3390 2743 1433 5453 7253 2388 5441 1525 3359 7179 7923 1839 3519 2110 5110 6571 3109 5856 9063 7779 3728 2805 1581 7688 8348 7588 602 9470 8978 2113
7178 5243 1696 941 290 8706 1715 2634 2900 3366 468 6942 3871 6351 7932 2330 5118 2497 347 355 3648 8248 8491 826 6084 8069 8466 9462 5701 3348 4979 8048 1956 3801 7118 7085 2516 1383 6640 955 7794 6688 8747 5570 7982 7863 5372 8534 2572 2008 956 1798 2399 9084 732 6809 4164 8321 1504 2179 7470 7122
6957 2046 9155 3582 8903 5948 155 6076 6015 2015 3073 3346 9848 6791 7147 3583 643 7650 8498 6194 9344 6701 8413 6968 2152 7198 4127 5725 7532 2442 2103 6474 5763 7188 3813 70 960 1555 4021 9368 5603 7428 1564 6887 7579 7367 2631 4954 9703 6011 6545 8371 1754 3985 4048 9564 5003 4307 8078 6245 9248 1295 7050
4417 3111 4419 3556 5793 39 5509 8891 3159 4633 8111 1946 3265 5350 3219 3134 7167 4604 9335 2218 2264 2668 759 3462 6818 4084 8352 3285 6996 6567 2840 426 6393 2414 577 8588 8071 2405 1833 1609 9081 2215 1579 1103 7505 1318 2761 6626 1978 4391 2086 8331 3722 5225 8303 2123 1082 3128 2984 7312 6550 1828 3799 6775
9284 6756 26 744 8812 4923 3443 1588 309 788 4370 3873 8219 7222 8060 2742 6921 4178 7899 809 2757 2592 3690 3312 8560 797 2433 5775 694 3421 1606 4160 8572 2799 4948 7526 6701 2877 739 3184 9206 5618 2580 4350 6860 9909 2677 308 6620 2971 7618 9061 3655 4253 6661 2492 5877 1853 2509 4012 977 1417 4592 8724 5948
3787 3803 1013 7530 8312 7047 2119 7172 5940 2552 3140 2762 1314 104 6086 6665 4630 9692 1726 6848 3675 5420 7871 2028 8355 1907 156 9327 7726 3197 5313 4436 9525 4163 6967 4265 2203 4416 3904 2100 9453 4707 858 5261 7246 5839 1792 5257 3358 68 5680 445 9403 5011 4785 1180 5366 55 5442 7477 6629 5257 1343 9167 3509 2758
2650 7572 4920 8797 7143 5356 2202 1155 1031 4495 8208 4744 1650 4189 4210 1661 7519 6967 857 7720 371 2597 6468 7616 9679 4485 7810 2575 9697 8591 3377 512 8981 4828 9171 8687 2427 968 6990 8866 5800 9053 5200 4969 2765 4301 2022 3233 4418 6505 1311 4863 1320 3947 839 1194 8024 9802 3075 1342 110 1044 8465 2363 3713 9849 1219
3101 3883 1788 1927 658 1295 6855 1541 9056 3687 5866 8452 830 2174 1846 6986 5317 4324 7829 3307 695 8067 5144 586 8508 8102 4187 6650 706 4800 7710 4143 9164 5612 6602 3176 7724 8978 8164 6490 6722 728 6897 7107 17 2990 7779 8490 4526 5601 2050 7198 2255 5 5487 8041 4828 5666 9193 1737 520 8971 2874 5068 3785 4640 618 3539
4865 1057 4154 6803 6706 8809 1744 8839 5993 9698 4901 5021 2954 9253 909 4399 249 2582 7684 5991 4998 8277 2062 3945 3320 4827 574 5188 7355 9516 2728 9589 4802 9837 6796 2614 948 7392 8088 479 3197 4299 9737 7808 8104 2103 5979 7790 910 3176 7935 4836 7561 4630 1894 9731 9255 4717 88 7296 9459 1737 3982 6541 3453 5448 47 3320 348
171 9912 7057 5809 5641 4344 5032 6057 319 4600 6603 8082 4626 3124 5812 8158 7041 5061 7959 657 6134 2172 7887 3200 5090 9230 760 4318 8746 2939 5344 3608 3122 3324 9794 4385 7447 7654 9927 8841 8699 6838 10 5704 8629 4333 6035 389 3294 7551 1508 7656 5090 1768 5723 6771 7281 6524 4548 9153 1033 4535 3703 8539 4942 3096 4545 3637 7068 7989
3744 3771 8038 3826 315 6844 7383 8703 3009 2962 4760 3768 4945 3979 3469 5021 2922 7583 8693 4685 9453 1197 5783 6359 7295 8384 1034 2676 6481 7759 4973 5457 3849 4392 8134 8369 5076 3711 9344 2085 9208 7915 6503 1929 5693 4877 9860 8043 3907 9547 7805 8043 5192 7864 5139 2168 7383 3159 3862 940 1840 5060 6453 5321 2980 903 1651 9371 309 9633 2735
2810 8454 7134 8238 6077 7756 1961 4786 7541 1854 5662 713 5514 4515 3296 4246 7616 8467 2427 7960 2807 9296 1414 3931 5912 1857 187 1393 4660 9175 3528 6894 9210 3861 6856 6953 4185 2007 4505 3217 3200 9601 507 114 5897 1431 1871 5013 7475 2484 4367 881 720 1864 805 1431 538 9191 1819 8788 983 3508 9144 3644 4793 4689 1404 7906 5420 7344 2384 9862
7096 2280 6885 8927 782 1025 4430 4811 9890 846 8098 47 434 9927 7204 7589 3352 8534 4198 2864 6546 2917 2944 8923 9417 1719 9505 4102 9886 4881 5423 2177 3933 5051 3498 5016 7625 1488 6072 7745 1650 6466 5810 6393 8343 4188 8979 8055 1224 2181 1232 3549 7024 5212 5886 2566 221 1692 4708 1334 62 2575 1193 2766 108 2776 6343 9125 253 5068 6955 7175 1263
8830 6070 2331 8277 4778 3095 2955 1788 8535 2010 3357 5405 6307 7911 9609 9310 4854 1105 1546 4280 3525 1004 1037 6843 8787 2541 2780 6936 1260 5072 7572 8062 5243 3784 8099 9943 749 3598 7210 3678 8034 5580 8702 9398 4632 5844 600 6428 4881 6959 939 5933 1958 1855 6046 6083 2409 230 1319 9706 3181 7455 4511 4445 1151 5982 1508 5411 5160 9250 4613 346 544 8089
2738 3145 1009 1170 919 2913 8199 1224 4451 9914 5228 2920 2234 8662 7426 6166 9349 1998 4509 9590 9092 5002 8857 5698 7499 1394 6299 8529 384 2445 9391 3811 2867 8379 3200 1617 1407 2285 3584 1524 8331 6514 7971 265 8866 1597 8646 1889 673 7639 8527 415 5871 8237 9448 4988 5580 6876 2940 7540 6939 5844 3513 2938 2648 7629 4437 1647 2992 8836 6021 4882 378 6583 6401
6044 9323 2960 4988 4554 1923 3326 1127 1114 1631 9999 1224 9817 4874 68 7414 6566 9535 5627 8677 1101 8856 2069 5997 1529 7847 8852 13 1359 2193 2792 1178 9032 9657 3838 2419 9951 3991 3356 4289 1016 1338 4907 2622 7646 9138 7534 8694 3325 7540 1537 1877 1617 3304 6758 4790 709 6202 3361 968 440 7937 5114 5003 1827 3538 5169 5213 9101 5270 4345 8791 4241 9044 1908 9462
8478 2928 721 9615 3538 4071 4001 2004 4501 6729 6461 1450 3158 1745 9447 4813 8729 4536 9940 3926 9901 9012 8835 748 9352 3972 1728 5019 787 2013 2190 4422 8464 939 7553 7233 9234 7663 7191 7482 7065 4620 3299 2605 76 8665 4176 3604 65 2485 6 7701 4545 8500 1138 3497 1274 5277 8869 8622 5283 6430 8726 9898 8413 2027 6243 5995 1340 2499 5247 2581 8109 5043 8635 9983 3168
2265 4777 9332 7434 8220 5801 8387 6864 3089 7280 5902 7230 8857 6967 9980 2620 567 322 4985 218 8346 4416 9821 5457 1948 4338 8716 9681 7768 2099 4498 301 8389 8042 4384 3442 4607 4747 8253 9110 9956 3434 9435 8845 7753 2874 7986 5875 618 791 6473 7773 2508 7772 8253 1616 3250 3672 8256 1636 5572 6517 6266 9382 4634 3918 2700 6375 58 6967 6891 9260 460 6651 7873 7466 481 2758
2132 8192 6334 3328 1453 6061 7149 1215 7854 7853 2112 4698 6017 738 8580 7593 9303 2712 803 4934 1788 6512 8191 8132 2790 6015 6105 2634 3906 5147 9131 8072 8535 9290 6869 929 3920 9187 2208 9683 5666 7348 2106 2478 4783 6958 880 7266 7212 3280 5979 4474 5857 7564 6268 2155 5114 3456 2810 3642 7907 5895 2146 7712 5216 2531 2076 1236 8107 7619 9943 4336 2269 8438 3412 8042 5036 4187 3748
5304 8992 1763 4678 8588 6294 3452 3063 2274 5519 1378 2487 6239 5751 4662 8990 4667 27 9931 7960 8076 9245 9608 9283 7857 8574 2684 5008 3301 6353 8004 9494 1129 5503 50 2075 7525 7430 7216 2207 2670 8434 2599 7132 7765 8613 7270 2034 4574 3272 6061 2687 7444 6823 5845 621 7843 9199 6318 774 1391 4759 3280 1646 7385 3685 4412 7960 841 5902 7565 5815 7012 7474 1538 345 8434 9515 9353 5870
5499 8160 1369 7476 447 2957 2918 2324 9848 2491 1729 3626 7203 138 8569 8883 3087 7410 1678 7563 9062 2237 1918 5625 4086 9742 438 2556 3412 5529 8825 896 9998 1462 1765 8275 8419 3945 2190 1945 1261 4704 8944 5802 8035 4071 6936 9929 6587 6759 9793 2621 6992 150 5023 4915 7974 5072 1663 7623 5803 9082 441 869 5702 2247 6430 6108 5760 5423 4208 669 3329 1042 5507 4778 3939 6385 9377
564 5782 8469 4963 3830 3786 6481 2912 6738 6057 4777 2790 9423 588 6679 5213 779 969 3101 4908 6741 1541 7070 7120 1069 5054 770 6518 8621 2822 5062 8600 1147 7380 1521 3601 5556 7639 6967 2899 4710 6545 495 7920 697 1232 3006 1546 612 5678 9238 2019 4846 5869 2304 9349 7859 7442 708 4223 1468 5854 7893 9402 620 9029 4262 3638 1680 2520 1713 8074 3212 7162 668 5152 9256 9230
2801 4420 8789 6735 1176 5722 9278 7911 1604 8794 2706 9432 1804 5282 2225 76 3218 40 8227 6285 6163 5670 4747 2952 7491 9547 8367 6694 743 3355 9625 1643 8804 5114 6921 7715 9063 3714 2920 1407 1068 5944 3462 9060 6677 6028 8968 2659 2724 7649 8347 8097 6166 8486 5396 5970 1746 7245 7714 4850 2145 3185 8105 7068 641 8154 8482 6999 6260 1122 6279 1838 1442 5206 3352 4883 2187
679 3371 4836 3096 3523 6019 2297 7002 7281 9645 9578 1475 4417 2442 7839 8306 6233 2966 6533 6291 7399 6538 4182 8881 2988 4156 1663 4345 8001 3897 7988 8419 9405 4824 8586 9470 662 3392 6082 6145 8753 2357 3578 7531 3724 2176 439 5811 704 4922 568 1423 4441 684 3193 706 6336 6472 6143 6071 3970 7631 1634 8645 3136 1738 4546 3436 2373 5015 3209 6979 9993 1232 2678 7505
2653 3798 52 5860 2705 8685 3385 4338 8805 1776 1360 6312 6686 9110 8618 2031 5568 5648 4933 736 4562 6047 2858 7693 1579 7940 7887 3727 4734 7724 1110 7248 6255 8833 4368 8786 8887 2525 7910 8023 4799 1163 551 3321 6988 3990 2326 3754 3191 5422 9645 3644 2283 5816 2955 9583 3193 4760 6890 9975 6301 6854 2929 7058 7350 9984 4555 1441 3851 6113 4908 9132 3988 4556 6942
1783 5054 1212 1405 8365 4386 6565 7880 439 5714 5693 8277 1426 9035 286 4980 4296 7596 6656 3389 2337 5553 2766 830 2442 8126 7759 7956 888 4257 3992 2660 1619 1763 1565 6475 7026 4995 5354 3484 1228 4995 4543 1725 5853 2148 4652 7096 8323 1343 2070 9764 2629 9626 1088 3071 2617 6359 3428 4935 7767 5872 274 1765 1478 2626 6804 4858 1841 8859 9224 9315 4930 4757
3608 552 6690 5127 6136 3066 7066 2481 1298 9786 3036 4827 6941 6349 2648 5639 2289 8637 92 9339 5600 9807 4606 4580 4321 9824 1885 20 7744 7489 7984 2609 2165 4974 5727 8373 8534 4850 3609 5688 2621 9619 7207 1067 7662 3748 3085 7436 9523 8197 5198 4921 4352 7451 3801 4127 8736 9053 6853 1915 2359 5632 3926 9690 3155 9438 2607 4181 4968 9370 7409 715 7706
7359 5631 5257 7269 5442 9057 7316 7368 8318 9281 1851 2218 8071 2515 5342 9519 2654 4238 5846 4132 2919 8101 6269 8228 2149 7340 157 3954 8092 8672 9966 8579 7491 8711 7855 2159 3111 2867 8958 7686 3275 6754 7169 3751 3895 103 3425 9694 3002 3154 6482 3266 7775 5579 6203 780 4079 7876 9334 9771 8487 5280 7786 4152 2820 4167 9421 1866 1172 966 1325 5048
7797 7546 8918 7793 9049 6860 5682 3516 7834 7538 7248 5806 1029 1570 2294 7184 7898 3143 4780 8701 9012 1925 4107 9459 7642 8840 7770 8652 3671 4356 6516 91 1 9262 2003 9237 1454 7951 6949 2737 6188 4200 7796 444 9593 9453 9863 9960 704 3600 5000 3662 1101 8260 1748 8231 6324 2564 7992 6690 9771 1431 6123 2926 9109 6351 686 8731 5179 8673 8540
3284 4716 6723 4738 5526 499 107 2016 9426 6916 2403 7132 4985 6122 3205 5645 5021 3679 6256 7534 8459 8714 8982 8611 6108 6574 4520 4424 8941 3983 6251 6663 8882 6698 4834 2066 2082 9667 7731 3828 4699 9682 1247 5503 1185 538 5049 7415 5064 687 9212 5561 2214 3397 3737 3017 6645 9404 591 3846 8785 2077 8233 9504 6261 5060 8649 7745 7175 2442
796 1332 6319 227 8575 5315 7646 7556 8603 3215 2273 8752 9010 4192 4546 7769 9461 7187 6361 5287 1308 445 8568 4499 250 3547 4878 9387 1487 1948 8270 5506 7378 3999 9897 3264 7598 486 494 3704 1791 6654 4278 6785 4727 6745 5361 2164 3960 1028 6655 2476 9985 5322 1276 9114 8891 3043 6449 517 7520 9717 9921 2939 1122 29 8860 3744 3509
3222 6486 378 9168 8869 3045 4466 2193 6092 395 8536 1468 6122 4174 176 3259 5593 690 4323 3646 6072 8332 9053 1179 6086 1477 3857 2035 5658 6892 421 7675 3337 2645 5911 5000 5726 9506 8753 9004 9518 4862 6916 7937 6025 9110 8688 953 8209 4579 5961 8271 215 6920 13 3836 9396 9026 9786 463 856 7431 2674 7504 4470 1218 7794 1000
437 7892 4039 2996 9031 5194 68 1388 7944 2501 6501 7471 6597 3530 8705 8077 8214 9980 9985 592 1225 7309 4244 4988 3167 3014 1137 8358 7099 7415 3723 1947 503 6937 8630 679 6687 9888 8707 5190 8701 4744 8176 6365 5734 926 297 2360 2027 2084 7513 8138 8270 1879 4120 7503 5522 2261 1412 7624 1605 4256 5340 6074 14 1239 6672
7185 7441 2421 8928 7280 7111 1952 3865 1309 9618 9216 6386 1622 1933 3741 9130 9173 7085 1231 3065 9306 6830 5604 1394 24 6798 3525 5962 2781 4153 1432 6165 5758 7747 5070 355 9647 781 1523 9740 5932 5953 3742 4803 7665 3125 7580 4194 2758 9467 1323 6147 9750 2127 7715 2383 6103 3374 8500 4511 8972 8261 1445 2944 8493 4785
6135 4370 8555 765 706 3137 9603 8125 8828 4835 613 739 1574 4186 6134 1317 4203 7714 2175 7582 8818 5786 102 550 9528 7134 3050 5304 99 5893 4830 4286 4109 1128 1330 3069 7608 8866 4426 8643 4275 6632 8385 198 3070 473 8777 2397 8393 4492 3872 1168 2740 2884 8552 1977 1857 4460 722 614 2402 9680 203 6470 2095
8571 6231 8184 733 2794 9104 8615 4637 303 8846 9671 8762 3513 4420 8324 3096 2271 9373 7178 2592 5886 5736 2756 2336 7663 435 6276 5194 1932 4190 6935 1972 3577 2933 7692 4073 73 1702 3543 8650 6011 1054 2310 6266 138 5970 7916 1047 4875 7262 6170 3340 8361 5478 3047 4870 8979 7306 5468 6394 2386 4487 4585 7859
2778 4579 9577 1276 8814 941 54 4096 3157 9708 7131 8323 1684 4609 8021 9624 7980 5632 3034 8755 7243 7306 727 6089 2685 9484 5569 8650 4443 621 8095 9645 985 3556 7557 494 3014 3795 7085 5358 9877 293 1345 8177 8469 8728 6687 2196 4641 7296 3812 1998 7103 4977 2921 8035 3835 2326 1371 3661 991 4752 3837
7488 2121 1432 7677 5767 586 7191 8114 4638 2813 7719 8120 7086 5739 7004 3818 2983 7526 9744 6068 7365 2710 5887 6872 1220 9859 7649 8282 4756 1736 9059 3805 3200 7943 7980 2308 5063 90 647 4426 2933 9439 8692 1470 6748 7072 8683 6827 9584 6538 4146 9874 5930 9016 106 2379 2475 966 108 7409 1383 4286
5746 8615 7139 6258 4241 3066 791 750 4439 3303 6425 5169 5505 4135 5205 1770 5952 6707 6155 8597 8792 3034 2566 269 9196 3031 904 1256 4652 4045 2214 1663 7615 2885 6028 5512 670 356 6771 1522 4182 8286 2667 6390 6459 9062 7141 575 6401 7657 2736 6572 8664 6165 7508 9704 1310 828 3939 1395 5963
678 1145 8078 1528 7696 755 6833 3144 9175 1794 773 9078 3244 2963 7032 695 9992 3951 9165 1982 6007 1838 7922 7213 1397 4 4533 1103 9328 9532 6483 1456 8058 3122 5805 4334 5461 1483 9847 1707 6059 2255 4568 1606 561 1404 306 784 7883 7134 67 9873 9690 6292 304 1037 7422 3274 4199 8127
6140 9391 5452 9558 78 4177 2560 1938 1921 8309 717 9058 411 6308 6637 2454 8399 9734 7787 5782 9256 7969 44 1848 5776 1502 7843 2138 1581 7701 6846 8853 5032 9105 9090 9438 5631 4200 646 3613 2930 696 1770 2904 7935 1317 9569 2675 7014 2077 3151 6659 8302 3062 1280 3992 610 1712 2535
861 1524 9628 3329 6570 8819 693 7002 4695 7176 8803 3370 9638 1161 9442 947 3468 4216 5836 1894 6699 6318 5986 917 1577 4133 2199 6679 7855 3671 3120 5705 1080 5447 8265 8786 3367 2131 5049 9887 6687 8709 8319 7555 8646 5139 2384 8821 768 1505 5548 5609 9267 5671 7140 3642 8345 3446
7750 1385 7579 302 556 7040 9733 9343 7716 2206 160 9560 4150 8809 5539 6029 1776 2146 9318 2900 7171 7912 621 6672 1730 1738 5648 1985 4312 1211 1587 9889 6410 418 3019 8637 9796 6969 824 6956 6682 1533 3585 9834 2378 9862 1500 6802 443 7332 2781 2711 344 5968 2567 1016 7615
803 2400 4161 8901 5083 5309 4168 4095 1494 1602 1114 7987 907 8619 5584 3474 3188 3602 7860 6236 4230 2584 1202 4890 5481 1807 7628 3653 5976 1622 6201 7489 6873 2899 3802 9774 8475 5931 8417 2447 9771 1844 4920 8667 462 6496 3346 7972 5490 6890 9679 3931 2077 78 9135 4303
9859 9437 7490 1422 1426 3583 570 1392 1015 1838 7554 8585 9135 2796 4819 9938 9314 5371 9644 4039 7002 2080 374 656 977 4825 9075 2770 7255 3176 6691 1107 5496 5148 698 1169 7908 486 5260 2762 654 6441 3890 2033 7755 6062 4601 5996 7506 8964 7564 9567 1372 4619 5266
9918 2454 5159 8277 4502 3897 9127 4220 1772 236 7197 8531 829 3819 5874 3527 1720 6029 8941 6569 8720 7437 6988 1478 6115 463 9441 2433 6480 4524 9096 383 1466 3699 9149 1949 5073 6880 2730 833 9437 430 4928 1723 3115 3338 7329 6699 1852 4879 5043 4143 1880 4763
2425 7896 8559 6340 3336 4428 9537 3455 5913 4593 753 5347 981 6971 5807 5696 6523 3039 6480 3037 7839 6705 4130 6536 199 6343 3600 4278 3996 9317 9627 4044 2412 9021 5748 6594 1565 4404 5702 1449 3169 1999 7343 5167 9690 464 9040 2134 2005 7603 8587 7833 9550
3734 7467 1011 645 9518 7788 1925 6969 1127 2245 4513 9312 1707 8228 8589 4760 2933 4433 9443 5837 4533 2254 3627 3165 6326 9701 7231 615 2748 7800 6671 2969 9885 9501 1965 6072 5008 1084 2513 9489 8596 6063 5385 1666 8877 1600 6097 7577 8850 7400 1893 8887
2698 2928 81 9125 2292 4721 8287 9647 1952 8993 4322 1058 5359 4188 6871 7724 621 4855 8188 7698 1671 7428 6744 4743 2183 8506 2388 2863 1973 5638 4002 3343 5904 597 9658 4270 5295 5169 9275 2573 1827 9431 9772 8546 3946 2532 2727 2887 5776 5973 4531
9005 8400 478 8869 1885 7249 5508 1321 1950 4017 8499 4271 8781 1492 9016 7738 8685 4151 5928 700 478 820 9443 4990 3767 9822 5640 1715 9731 6644 3495 152 4406 4084 4417 9158 4457 4910 4279 1080 5471 7018 7947 8152 2728 1088 6314 1412 4487 739
4864 3299 5840 5952 3740 6559 4297 9048 8905 10 4533 1159 9751 909 983 2848 5483 1449 161 7815 7774 782 4568 1176 5928 9555 9096 242 4530 6943 9939 7805 3605 175 5994 7916 1274 6567 2767 4167 8909 8057 8786 473 8793 8232 4501 4349 4269
9818 4025 1964 141 3153 7324 8452 1996 4064 8215 2609 5286 5 8048 1758 6442 8986 3376 6979 2491 1607 9861 1398 6211 5586 8688 958 3790 2790 5463 7708 4980 8770 1621 5584 5752 4788 8335 8684 3456 2352 2920 2056 4475 244 7739 4974 4380
6743 7458 1334 8141 9348 825 8795 1640 9890 6921 4226 5404 9131 2328 3786 5767 6163 8009 2352 7272 2317 7596 8679 7207 7561 8168 3058 2636 9417 3531 7465 9929 4361 1 8226 6794 1728 4686 1165 6809 123 6266 9266 6451 6323 8274 2829
2475 4703 6875 1816 9331 7311 6213 6626 385 5206 8710 6925 3973 6772 1519 6845 3444 7240 5628 5878 5437 3842 397 5284 663 3467 584 6998 7186 2821 5879 5033 6205 1079 2937 9391 338 5043 9903 2466 4394 6799 3454 7947 8666 3873
132 7206 8670 9635 8051 3760 7994 1788 9357 4023 6627 8606 7159 8467 6241 8323 9539 7027 6991 3083 4705 3631 3928 9730 8649 3234 5899 3088 5303 1347 6959 1737 9193 6067 272 6301 600 2614 4518 227 3208 356 2807 3062 4271
9486 6358 9900 4025 2759 6064 2420 314 7945 5932 644 9204 1340 7671 185 4131 4320 4602 1198 6778 7886 8063 9159 4738 9688 6318 8150 1671 3557 5958 6634 9953 1537 5812 5743 5842 8415 3352 55 7125 8756 3597 877 3281
3825 792 739 4184 5407 6070 4208 9578 5035 6997 9666 7361 6955 9068 8398 2859 155 2947 8067 6639 4760 5240 367 1549 949 1787 1181 2239 351 3436 3241 7197 9959 4326 1278 3285 8535 2667 9682 2759 5513 4024 2660
5472 6200 1514 3093 9028 9672 524 6630 7082 7801 6260 2415 7514 2226 495 7595 3992 9081 5867 3589 6760 6666 2917 4986 5913 5591 9616 957 7182 1438 3401 9158 214 9914 5698 2141 9351 4513 8963 6250 6917 6665
919 725 8692 83 7840 4882 5915 2813 5369 262 4870 560 7993 7579 3370 2500 2828 4045 6620 5010 7271 394 6127 4942 9160 419 1098 5411 9428 2999 2355 4071 7260 6633 8736 3898 7750 6472 6005 6472 2056
292 4275 522 2344 9255 584 8602 6626 4093 7640 5744 586 6964 6422 9133 4815 2150 8424 3778 8313 3081 4565 5788 8645 1870 6593 8162 4595 1342 994 9061 1324 9566 5394 2595 8027 6887 7471 2102 8089
4411 4136 9316 2747 831 1365 8330 4981 6546 3107 7385 4002 8198 7056 3051 3660 6071 9352 8426 2581 2997 7865 3304 3698 5764 7974 6819 6282 9020 850 2611 473 1685 4233 6475 4310 5845 5720 6523
7213 7390 6955 9352 515 9739 2651 9908 5187 8275 6542 2644 1933 8042 4549 9130 524 8742 2994 6617 3088 4895 8129 9429 9887 8486 8171 2881 7599 4131 7830 9676 100 6728 5342 8821 1741 1616
7699 5984 1345 7966 2612 9331 8547 7024 5637 4938 6203 1927 2797 3296 9674 8580 2895 923 3122 5869 7675 9890 911 1439 4477 9861 1519 9974 1392 2616 3941 3984 4920 9084 6596 7079 125
6435 4502 8132 1206 9747 5783 6156 4355 2041 7822 7703 2824 877 2272 7311 7016 5468 2705 3124 8402 6208 6028 2669 2175 6703 6381 1140 2401 8304 1549 2177 9680 7138 1864 1149 1307
9019 7929 2277 1126 7435 2624 1812 3201 8946 2425 6130 768 3993 3006 9738 8231 8063 4266 6335 6808 3101 6117 1463 6549 1413 6758 7665 875 2070 3465 2146 3606 9819 5863 6920
6769 5085 3193 1826 8964 7889 6271 3521 1758 3223 8944 4409 4453 2196 3316 4391 1210 3232 3918 2951 6821 4724 9749 3058 4995 194 8801 7574 9138 5946 5089 8160 5637 1225
1388 8176 9773 218 4971 1604 7991 3864 7111 3886 5589 2942 8020 7320 9383 8369 3348 2264 8897 2321 6840 9156 264 6513 5494 3061 2632 2987 7215 690 7079 7384 976
802 4600 3923 7939 2048 1303 9407 3303 6566 2105 2262 3345 9349 3238 2658 3444 9071 6761 2655 5195 122 4473 4478 1574 7131 4315 1299 4587 2008 9273 519 5432
2124 119 4177 2957 4900 1555 9804 464 1027 8700 6803 1002 8646 3490 2776 4069 4862 363 9670 497 9633 4552 8940 6988 2192 2863 9192 3147 9937 6954 6351
1345 3568 2183 2729 5967 7125 1553 1923 1049 9526 6381 808 2779 3102 9481 4021 483 2651 634 2190 4900 602 1109 8333 8969 4665 707 6766 1106 7991
8493 76 1236 810 8271 8312 6866 595 5148 2088 7414 4941 8679 37 7558 556 9017 3383 1088 6187 2067 470 7309 3406 7138 3789 9955 9885 7110
9487 9363 6747 8752 1719 425 1128 9801 7224 8662 6888 6267 2961 1293 619 6154 4097 7770 1576 1342 8546 6191 2462 5245 3997 2201 2710 2965
8558 6943 6575 5247 9670 8936 2119 3391 7248 8034 5123 7979 3547 3212 3943 627 6186 6730 8935 1316 4549 4927 117 5431 8697 1492 7314
7061 2248 4874 4174 2810 3233 4691 8366 296 7004 7320 5140 3374 4767 3324 2778 9815 7856 7255 4453 2091 5387 4692 7140 646 4416
8777 9077 6003 4038 6777 7724 9711 8084 6169 5710 9392 8643 3510 5041 6491 1496 3610 7340 474 7740 7188 884 7724 7085 1028
8833 9731 6409 8884 1594 1480 8315 9374 375 2124 9061 7553 1129 8773 4933 4206 5048 9679 8166 4154 5605 3146 225 6407
2427 6213 8187 7899 6367 403 5879 1041 1656 7164 6780 9438 3568 5794 153 6356 1644 2158 7417 2959 8599 1978 2312
2238 5817 745 9567 6259 7440 9935 8807 7993 3574 322 7320 2241 4456 9738 8434 1003 610 9547 1781 6758 3000
5409 6729 8776 301 8316 1784 6900 9085 2816 6630 8975 4938 2625 6174 4623 8491 9865 4471 2886 1482 5229
4957 4190 9440 5265 3815 1754 482 1892 3717 9980 7050 2666 9138 7279 912 3816 9332 4608 5560 8256
8503 3092 7543 5752 1689 4721 682 9431 4279 4242 5089 4609 5974 7054 3595 8231 2145 910 3842
3171 6910 9825 7524 6840 1569 4126 8317 4675 2901 1061 2778 8206 2835 7771 3190 1944 6241
7622 759 2582 4381 9437 652 1041 9016 1609 9471 2260 8158 7669 7053 7939 5575 2213
5779 2682 7381 1669 4361 3893 428 9221 3317 1491 3199 6730 7678 9088 1219 1015
6145 8380 8147 3106 822 4574 6247 8574 42 2117 1150 3748 1833 790 4405
2417 1254 7236 8270 9619 5692 3720 9981 6201 4562 1865 3867 8700 6640
5873 9604 5185 6228 3065 9730 5882 9240 3100 1130 5386 1866 4480
5563 3011 7564 6373 83 4813 7526 5395 3144 9086 9699 7181
5693 9291 6125 754 6344 9844 2582 2009 163 4117 6501
9574 5329 218 2547 7486 8291 4327 6310 9530 6698
9491 9453 7991 4240 8657 9199 7725 2854 4531
1937 9746 6394 2313 8228 7101 3503 9255
7384 2739 391 5514 9635 3391 2631
4563 6522 7659 3022 6932 8914
6842 3765 7456 1040 4864
5432 5634 5128 9738
2751 1113 5294
3406 5789
7981