3, 4, 5 sum: 12
4, 3, 5 sum: 12
5, 12, 13 sum: 30
6, 8, 10 sum: 24
7, 24, 25 sum: 56
8, 6, 10 sum: 24
8, 15, 17 sum: 40
9, 12, 15 sum: 36
9, 40, 41 sum: 90
10, 24, 26 sum: 60
11, 60, 61 sum: 132
12, 5, 13 sum: 30
12, 9, 15 sum: 36
12, 16, 20 sum: 48
12, 35, 37 sum: 84
13, 84, 85 sum: 182
14, 48, 50 sum: 112
15, 8, 17 sum: 40
15, 20, 25 sum: 60
15, 36, 39 sum: 90
15, 112, 113 sum: 240
16, 12, 20 sum: 48
16, 30, 34 sum: 80
16, 63, 65 sum: 144
17, 144, 145 sum: 306
18, 24, 30 sum: 72
18, 80, 82 sum: 180
19, 180, 181 sum: 380
20, 15, 25 sum: 60
20, 21, 29 sum: 70
20, 48, 52 sum: 120
20, 99, 101 sum: 220
21, 20, 29 sum: 70
21, 28, 35 sum: 84
21, 72, 75 sum: 168
22, 120, 122 sum: 264
24, 7, 25 sum: 56
24, 10, 26 sum: 60
24, 18, 30 sum: 72
24, 32, 40 sum: 96
24, 45, 51 sum: 120
24, 70, 74 sum: 168
24, 143, 145 sum: 312
25, 60, 65 sum: 150
26, 168, 170 sum: 364
27, 36, 45 sum: 108
27, 120, 123 sum: 270
28, 21, 35 sum: 84
28, 45, 53 sum: 126
28, 96, 100 sum: 224
28, 195, 197 sum: 420
30, 16, 34 sum: 80
30, 40, 50 sum: 120
30, 72, 78 sum: 180
32, 24, 40 sum: 96
32, 60, 68 sum: 160
32, 126, 130 sum: 288
33, 44, 55 sum: 132
33, 56, 65 sum: 154
33, 180, 183 sum: 396
35, 12, 37 sum: 84
35, 84, 91 sum: 210
35, 120, 125 sum: 280
36, 15, 39 sum: 90
36, 27, 45 sum: 108
36, 48, 60 sum: 144
36, 77, 85 sum: 198
36, 105, 111 sum: 252
36, 160, 164 sum: 360
39, 52, 65 sum: 156
39, 80, 89 sum: 208
40, 9, 41 sum: 90
40, 30, 50 sum: 120
40, 42, 58 sum: 140
40, 75, 85 sum: 200
40, 96, 104 sum: 240
40, 198, 202 sum: 440
42, 40, 58 sum: 140
42, 56, 70 sum: 168
42, 144, 150 sum: 336
44, 33, 55 sum: 132
44, 117, 125 sum: 286
45, 24, 51 sum: 120
45, 28, 53 sum: 126
45, 60, 75 sum: 180
45, 108, 117 sum: 270
48, 14, 50 sum: 112
48, 20, 52 sum: 120
48, 36, 60 sum: 144
48, 55, 73 sum: 176
48, 64, 80 sum: 192
48, 90, 102 sum: 240
48, 140, 148 sum: 336
48, 189, 195 sum: 432
49, 168, 175 sum: 392
50, 120, 130 sum: 300
51, 68, 85 sum: 204
51, 140, 149 sum: 340
52, 39, 65 sum: 156
52, 165, 173 sum: 390
54, 72, 90 sum: 216
55, 48, 73 sum: 176
55, 132, 143 sum: 330
56, 33, 65 sum: 154
56, 42, 70 sum: 168
56, 90, 106 sum: 252
56, 105, 119 sum: 280
56, 192, 200 sum: 448
57, 76, 95 sum: 228
57, 176, 185 sum: 418
60, 11, 61 sum: 132
60, 25, 65 sum: 150
60, 32, 68 sum: 160
60, 45, 75 sum: 180
60, 63, 87 sum: 210
60, 80, 100 sum: 240
60, 91, 109 sum: 260
60, 144, 156 sum: 360
60, 175, 185 sum: 420
63, 16, 65 sum: 144
63, 60, 87 sum: 210
63, 84, 105 sum: 252
64, 48, 80 sum: 192
64, 120, 136 sum: 320
65, 72, 97 sum: 234
65, 156, 169 sum: 390
66, 88, 110 sum: 264
66, 112, 130 sum: 308
68, 51, 85 sum: 204
69, 92, 115 sum: 276
70, 24, 74 sum: 168
70, 168, 182 sum: 420
72, 21, 75 sum: 168
72, 30, 78 sum: 180
72, 54, 90 sum: 216
72, 65, 97 sum: 234
72, 96, 120 sum: 288
72, 135, 153 sum: 360
72, 154, 170 sum: 396
75, 40, 85 sum: 200
75, 100, 125 sum: 300
75, 180, 195 sum: 450
76, 57, 95 sum: 228
77, 36, 85 sum: 198
78, 104, 130 sum: 312
78, 160, 178 sum: 416
80, 18, 82 sum: 180
80, 39, 89 sum: 208
80, 60, 100 sum: 240
80, 84, 116 sum: 280
80, 150, 170 sum: 400
80, 192, 208 sum: 480
81, 108, 135 sum: 324
84, 13, 85 sum: 182
84, 35, 91 sum: 210
84, 63, 105 sum: 252
84, 80, 116 sum: 280
84, 112, 140 sum: 336
84, 135, 159 sum: 378
84, 187, 205 sum: 476
85, 132, 157 sum: 374
87, 116, 145 sum: 348
88, 66, 110 sum: 264
88, 105, 137 sum: 330
88, 165, 187 sum: 440
90, 48, 102 sum: 240
90, 56, 106 sum: 252
90, 120, 150 sum: 360
91, 60, 109 sum: 260
92, 69, 115 sum: 276
93, 124, 155 sum: 372
95, 168, 193 sum: 456
96, 28, 100 sum: 224
96, 40, 104 sum: 240
96, 72, 120 sum: 288
96, 110, 146 sum: 352
96, 128, 160 sum: 384
96, 180, 204 sum: 480
99, 20, 101 sum: 220
99, 132, 165 sum: 396
99, 168, 195 sum: 462
100, 75, 125 sum: 300
100, 105, 145 sum: 350
102, 136, 170 sum: 408
104, 78, 130 sum: 312
104, 153, 185 sum: 442
104, 195, 221 sum: 520
105, 36, 111 sum: 252
105, 56, 119 sum: 280
105, 88, 137 sum: 330
105, 100, 145 sum: 350
105, 140, 175 sum: 420
108, 45, 117 sum: 270
108, 81, 135 sum: 324
108, 144, 180 sum: 432
110, 96, 146 sum: 352
111, 148, 185 sum: 444
112, 15, 113 sum: 240
112, 66, 130 sum: 308
112, 84, 140 sum: 336
112, 180, 212 sum: 504
114, 152, 190 sum: 456
116, 87, 145 sum: 348
117, 44, 125 sum: 286
117, 156, 195 sum: 468
119, 120, 169 sum: 408
120, 22, 122 sum: 264
120, 27, 123 sum: 270
120, 35, 125 sum: 280
120, 50, 130 sum: 300
120, 64, 136 sum: 320
120, 90, 150 sum: 360
120, 119, 169 sum: 408
120, 126, 174 sum: 420
120, 160, 200 sum: 480
120, 182, 218 sum: 520
123, 164, 205 sum: 492
124, 93, 155 sum: 372
126, 32, 130 sum: 288
126, 120, 174 sum: 420
126, 168, 210 sum: 504
128, 96, 160 sum: 384
129, 172, 215 sum: 516
130, 144, 194 sum: 468
132, 55, 143 sum: 330
132, 85, 157 sum: 374
132, 99, 165 sum: 396
132, 176, 220 sum: 528
133, 156, 205 sum: 494
135, 72, 153 sum: 360
135, 84, 159 sum: 378
135, 180, 225 sum: 540
136, 102, 170 sum: 408
138, 184, 230 sum: 552
140, 48, 148 sum: 336
140, 51, 149 sum: 340
140, 105, 175 sum: 420
140, 147, 203 sum: 490
140, 171, 221 sum: 532
141, 188, 235 sum: 564
143, 24, 145 sum: 312
144, 17, 145 sum: 306
144, 42, 150 sum: 336
144, 60, 156 sum: 360
144, 108, 180 sum: 432
144, 130, 194 sum: 468
144, 165, 219 sum: 528
144, 192, 240 sum: 576
147, 140, 203 sum: 490
147, 196, 245 sum: 588
148, 111, 185 sum: 444
150, 80, 170 sum: 400
152, 114, 190 sum: 456
153, 104, 185 sum: 442
154, 72, 170 sum: 396
156, 65, 169 sum: 390
156, 117, 195 sum: 468
156, 133, 205 sum: 494
160, 36, 164 sum: 360
160, 78, 178 sum: 416
160, 120, 200 sum: 480
160, 168, 232 sum: 560
164, 123, 205 sum: 492
165, 52, 173 sum: 390
165, 88, 187 sum: 440
165, 144, 219 sum: 528
168, 26, 170 sum: 364
168, 49, 175 sum: 392
168, 70, 182 sum: 420
168, 95, 193 sum: 456
168, 99, 195 sum: 462
168, 126, 210 sum: 504
168, 160, 232 sum: 560
171, 140, 221 sum: 532
172, 129, 215 sum: 516
175, 60, 185 sum: 420
176, 57, 185 sum: 418
176, 132, 220 sum: 528
180, 19, 181 sum: 380
180, 33, 183 sum: 396
180, 75, 195 sum: 450
180, 96, 204 sum: 480
180, 112, 212 sum: 504
180, 135, 225 sum: 540
180, 189, 261 sum: 630
182, 120, 218 sum: 520
184, 138, 230 sum: 552
187, 84, 205 sum: 476
188, 141, 235 sum: 564
189, 48, 195 sum: 432
189, 180, 261 sum: 630
192, 56, 200 sum: 448
192, 80, 208 sum: 480
192, 144, 240 sum: 576
195, 28, 197 sum: 420
195, 104, 221 sum: 520
196, 147, 245 sum: 588
198, 40, 202 sum: 440
