4445
1096 2697
9607 20 5115
7206 7385 1318 718
3620 3114 521 7586 2209
1074 8024 7760 6084 5167 2212
4295 5438 577 1094 1364 2642 654
510 1176 9008 9997 6150 8983 1443 4348
9444 3556 5596 2679 7377 5182 7623 5741 3079
3327 3401 5377 1521 5397 7682 7358 1585 7621 6821
6882 4030 5891 1406 3061 5429 1314 7387 6935 7030 7668
7338 1265 7177 9716 5721 9868 2652 1158 4497 8551 5526 3276
4420 3423 1775 6336 1228 4946 7037 3403 6282 955 2574 4244 8874
356 1327 4723 3648 9933 7107 2635 7129 770 6310 101 8267 2348 4190
9870 8296 3560 6533 4690 5296 109 7847 8933 9188 1896 1478 4781 4641 3785
192 152 8325 2376 848 959 2621 3563 4251 6659 4248 2509 7777 3834 9827 2752
1046 5213 1558 1058 6260 8041 5837 4785 2700 8293 5947 2493 5436 6966 2764 2448 9473
4659 4301 8297 4963 1277 2988 7921 4520 2755 6161 8281 5063 4361 1732 7010 2084 6918 7817
5759 736 6082 8974 8750 4743 9537 8277 5394 4832 5039 6351 3653 8327 9480 8417 2669 5883 9137
1571 338 4951 474 4032 4754 3850 4064 4094 1378 2512 4992 4912 9447 9587 706 6453 4656 3737 496
1822 1428 7444 9344 4974 6966 6521 2388 4829 5368 9485 2118 2242 287 9245 707 496 4955 9343 300 7338
8738 4824 8599 7968 1927 7822 5717 6256 6079 8872 7252 1360 2244 8541 2870 2679 9525 101 3496 7709 7116 3434
7047 3850 5957 1230 7742 6271 2102 1179 8818 6462 9598 8852 4018 4407 7372 3380 767 5913 6232 107 2203 6531 7152
3975 4323 9555 6511 7772 3755 8837 5161 6523 5208 2815 3228 9166 578 2170 2067 3948 714 93 7375 449 9328 567 4355
9248 4565 1934 3695 9868 4221 1591 8711 5172 4679 5691 5620 1792 2250 9174 499 1294 5322 116 1899 2207 8271 8004 5997 4552
5093 5397 8131 5163 4383 4113 8523 4839 3241 6946 9513 9659 8495 7118 2801 2932 7532 3058 3840 8558 328 2306 131 6192 3971 7917
6237 138 5686 5800 4166 2378 301 9049 1705 6579 8074 1481 8377 5378 9962 6125 9890 9742 1306 4738 163 2876 110 2948 5856 6623 7827
9905 4607 4639 2988 4570 461 87 9353 4042 650 7660 9716 3041 9725 75 9336 8093 3696 5051 320 9563 3927 3604 6772 6185 3555 820 2460
5825 7127 7527 6609 3446 2306 3544 6256 6228 8726 7061 5499 6586 5355 5050 4324 4368 5738 116 7687 8881 1906 8779 673 3433 784 2260 6148 2350
6223 8517 9390 9047 1146 4359 8838 2767 6740 2881 7567 2461 5616 9962 9303 5343 3441 9189 4038 1723 970 5756 6298 158 8576 2878 5937 5118 3287 691
5826 2099 7769 5185 522 5565 6634 4392 6554 7682 2966 6736 9230 3743 9749 9154 2539 9870 6857 9808 1178 6924 9326 3234 5093 6908 8140 8001 6504 1874 3514
1861 3690 2700 2405 6923 7371 95 9141 9147 203 9546 6956 9033 9391 5801 5015 1389 6101 1113 1829 7359 9355 3527 411 8959 2447 7659 5933 6104 1839 7981 5880
4052 1613 6724 589 8204 3721 4883 7521 497 11 6098 4255 9124 2104 9373 4682 2217 8702 1844 165 9863 9494 7063 4694 8650 1562 5782 2544 8688 8282 9227 8424 3145
4629 6687 4879 2121 4716 1060 9164 2540 9077 9176 3911 2265 6105 9574 4879 2413 9748 995 6589 9700 1544 6287 601 1594 5145 8824 6297 3967 3359 1399 4165 1259 7672 7633
8316 2234 4705 1884 9308 8333 3603 9705 5867 2272 6773 7118 9078 2000 9233 4967 1213 8796 5388 7818 7750 1179 7303 9116 1918 1306 5495 8835 1716 3883 2210 3642 9451 7575 7199
2341 4072 6240 7260 7334 6986 1362 7025 4341 6366 974 7448 9645 2075 1851 1601 6334 431 779 4402 6336 8114 2834 7769 4946 8574 2165 8282 7861 931 5273 7332 710 1388 6797 3783
6430 523 2025 8132 6645 966 8106 5007 478 1031 5301 4388 1907 4994 4644 4073 7340 6716 7801 1833 7652 3539 5357 562 2707 2702 7594 5940 8397 239 7772 6587 6172 2390 7909 6717 5066
2810 2406 7096 6884 7592 6715 2000 6659 2753 8334 1046 1570 2465 8454 2028 6641 8957 973 3994 4994 4549 6399 5538 3001 6176 8257 5573 7942 2425 2000 6618 8164 3065 6403 575 5733 1078 7487
6206 3042 8994 8397 3027 3181 3706 7489 2142 2848 1997 5127 421 2650 916 6062 8412 9022 9396 1269 2380 8138 6539 3094 8830 2313 2391 2921 1547 8910 1228 1322 1117 1749 7333 715 6968 5008 3285
3847 8252 7759 56 8301 1808 6389 5504 2123 1642 4441 3692 7376 276 722 1596 5431 9183 6547 540 8995 2703 4026 1349 6646 4438 6836 2009 9862 6166 3513 7817 2553 9244 3223 4044 3089 8519 4051 1084
5458 6356 5928 1741 1267 6541 5714 1214 8672 4287 7170 8397 7433 6528 3361 4998 2241 2279 487 5189 4747 6539 6161 775 8101 6702 199 8839 3975 1462 7888 1909 2099 2213 5783 604 2291 6964 9973 8795 8985
3266 8173 8541 5837 2275 3826 9844 7624 266 2853 1472 2877 7192 9101 3248 527 3567 1626 8752 101 2487 8590 3610 6878 4170 3677 6266 9545 2986 4993 1269 354 6983 6473 5053 7776 9925 1790 4217 1663 5820 760
1998 7025 3138 7225 4177 2609 9443 244 7880 1910 1136 3263 5757 8191 7294 4941 6637 3047 1384 2658 7566 303 9535 7667 8331 2432 1328 2759 8496 9454 3068 2410 6932 346 3571 5446 3846 6941 2446 192 5315 346 872
8878 8731 9756 3290 2325 4333 7676 7079 4993 8528 2451 8187 4726 6494 4916 7498 1178 4861 921 2741 7836 5622 9602 3650 6560 2538 4174 9612 4608 43 5199 9835 4171 4651 6377 5994 4402 8862 2823 7390 5949 7571 1851 8609
3637 1613 936 3914 4570 2946 207 8640 7579 2280 4205 8784 8203 9203 8026 9955 9415 7889 2401 2736 3649 994 1975 7833 7333 6065 6093 3741 7922 4452 2078 6888 3427 2709 1010 4304 4447 6500 6014 8767 8698 7006 3035 6463 8051
8497 6489 1716 1479 1265 4892 5199 7934 4117 5232 7689 8686 2790 4016 1040 6571 6076 5452 3364 7522 7855 5362 7316 5726 1628 7583 874 1275 7540 2879 617 327 1927 341 7508 7759 9330 1299 5182 2330 7039 5723 715 4325 2117 1134
8188 6681 9634 868 5259 9116 3317 469 5581 1958 6691 4025 7587 1127 871 4103 8387 3370 3850 4486 5808 173 8791 5336 2920 4163 4806 848 5065 8017 231 9406 9397 5866 8412 6241 6905 7203 5991 8585 6947 3290 3678 3328 4283 6058 9536
9935 8009 4732 9464 1906 7064 7723 4251 5450 9526 7500 3435 4196 3230 6932 1809 6075 9961 6396 3508 5358 9371 2065 7170 7185 5374 6678 3593 4597 5062 2833 5887 8064 106 8760 2134 7522 661 6605 543 6900 1777 3214 7104 1152 2304 3407 5750
3466 8793 9546 7151 9055 2681 4085 9788 9699 7508 8906 8048 6718 5522 1139 1447 1366 6049 6043 6971 6857 9402 5298 4238 2903 3289 7779 3144 2738 1711 2839 4027 2655 6379 6090 320 4034 615 7689 3709 7874 5756 3112 1787 1825 66 6438 8211 9716
1005 9854 9117 6310 7060 2413 564 91 6805 7973 2197 1498 1757 5698 7904 7273 8986 4952 330 9758 3156 9213 9158 2045 1048 2475 1898 5631 8589 8157 7161 582 396 508 444 8181 1792 8511 2407 6092 3346 2297 9661 6008 7904 2040 8044 3815 117 9371
7280 4512 985 1825 8772 5204 7824 665 7745 5493 1163 9915 8411 3954 4144 6048 6163 2492 9294 9253 9607 248 6807 8600 5096 5 5325 9689 3753 7096 5215 4811 1014 811 4357 5602 8646 8296 6421 8200 9292 970 1651 903 3491 3421 140 4319 9213 4822 7619
9517 8586 5186 1078 9542 2500 9030 9517 5995 7136 2092 1935 8284 2984 9270 7028 2623 6986 5476 5339 4062 6450 3911 4412 1025 5447 6847 6451 2331 3725 8913 8472 6734 8109 2871 4964 4950 6414 7898 3041 4189 3845 369 101 5186 1906 7137 3982 1735 9806 1317 5617
7444 399 4261 3953 7222 8246 9846 7157 7532 2474 3773 8688 5477 7983 5198 1971 592 9258 3914 397 6872 4268 8631 2488 7310 874 7755 9548 924 5737 2672 5823 2284 5723 3525 1150 3554 1810 7499 6121 9012 5492 9605 9737 2093 7687 5952 9560 4905 146 9536 4377 275
3287 769 3249 2831 2164 8888 8437 6592 833 3577 7496 3810 6592 6648 6341 5134 4796 2627 2149 9309 889 2645 1635 8334 4930 854 1839 5115 8632 3328 3403 3621 4890 9473 6356 1544 9809 5930 8391 5450 7241 2983 5649 8443 5811 3463 5998 314 8451 4160 4818 196 4434 9721
1772 3016 9688 2596 7217 3372 5466 3331 6872 5014 7050 3432 730 9173 9614 3276 2464 2912 217 9461 1464 3027 6083 9960 7359 2458 5384 1783 7060 9194 522 1124 4280 7679 3906 6026 1569 2719 6236 1536 4850 5886 7289 7353 443 4427 9189 7997 4602 2669 2200 5456 5542 5925 2997
126 2963 3619 632 7736 3141 4097 5379 9128 3857 8723 6186 9491 8255 4431 5655 3321 8435 660 734 6448 9359 7641 7874 577 5256 7183 686 309 8529 5942 90 2679 1162 1212 6982 9183 8622 9199 7384 316 6273 5814 100 2590 8275 9939 6872 8081 8994 9219 5041 6451 6907 8341 2698
8074 8927 7578 6818 1571 2142 9994 3247 3578 9675 1307 3207 6980 9087 2705 4028 9592 16 8514 5511 6194 8087 4474 5083 3056 1320 8523 5455 4978 9030 4078 4777 4813 3241 5812 9294 5505 2586 7944 8504 4614 8714 5014 2815 1355 5203 5163 3693 6118 8955 5919 6332 2512 4113 2475 4800 1887
7845 1731 6608 3541 9073 6820 1322 9940 8697 4540 6086 8125 9796 9365 8850 2653 6007 975 1321 8674 3553 8156 7245 7095 5776 5218 3195 2225 170 892 1843 1943 7910 9737 7748 345 5884 6053 5636 2905 1224 280 1178 4131 8336 7904 4274 7720 8436 872 4835 9214 1576 1488 1063 1159 1175 8825
4164 4694 8245 5682 3095 6120 8743 968 5462 3022 6853 7075 7042 9286 9782 8287 9790 7131 9118 7608 3876 1012 9118 1917 2212 4022 7485 9628 7487 6809 8651 845 1697 8971 9557 16 8173 2972 7936 1092 6120 540 3093 5182 7639 1576 9186 710 7265 5566 1008 6069 3995 5477 2268 4781 5820 4173 6372
4258 3637 2530 624 8986 1488 5423 4338 7350 2189 9896 8690 319 1544 4913 191 669 6807 4446 2194 5015 599 5757 58 8340 7302 185 8796 1030 1977 6417 3241 8398 1764 6279 691 2724 9785 3012 6074 7779 1564 2051 9600 5863 3913 4314 6920 7329 6356 1977 1779 2621 5026 6755 1175 6799 9075 690 3014
7854 6880 2000 8249 4601 6867 7026 557 337 1614 4005 4101 3728 1334 6159 119 870 823 2342 4815 7322 3362 5327 4525 2640 7127 2583 3364 7401 4092 9555 3390 2743 1433 5453 7253 2388 5441 1525 3359 7179 7923 1839 3519 2110 5110 6571 3109 5856 9063 7779 3728 2805 1581 7688 8348 7588 602 9470 8978 2113
7178 5243 1696 941 290 8706 1715 2634 2900 3366 468 6942 3871 6351 7932 2330 5118 2497 347 355 3648 8248 8491 826 6084 8069 8466 9462 5701 3348 4979 8048 1956 3801 7118 7085 2516 1383 6640 955 7794 6688 8747 5570 7982 7863 5372 8534 2572 2008 956 1798 2399 9084 732 6809 4164 8321 1504 2179 7470 7122
6957 2046 9155 3582 8903 5948 155 6076 6015 2015 3073 3346 9848 6791 7147 3583 643 7650 8498 6194 9344 6701 8413 6968 2152 7198 4127 5725 7532 2442 2103 6474 5763 7188 3813 70 960 1555 4021 9368 5603 7428 1564 6887 7579 7367 2631 4954 9703 6011 6545 8371 1754 3985 4048 9564 5003 4307 8078 6245 9248 1295 7050
4417 3111 4419 3556 5793 39 5509 8891 3159 4633 8111 1946 3265 5350 3219 3134 7167 4604 9335 2218 2264 2668 759 3462 6818 4084 8352 3285 6996 6567 2840 426 6393 2414 577 8588 8071 2405 1833 1609 9081 2215 1579 1103 7505 1318 2761 6626 1978 4391 2086 8331 3722 5225 8303 2123 1082 3128 2984 7312 6550 1828 3799 6775
9284 6756 26 744 8812 4923 3443 1588 309 788 4370 3873 8219 7222 8060 2742 6921 4178 7899 809 2757 2592 3690 3312 8560 797 2433 5775 694 3421 1606 4160 8572 2799 4948 7526 6701 2877 739 3184 9206 5618 2580 4350 6860 9909 2677 308 6620 2971 7618 9061 3655 4253 6661 2492 5877 1853 2509 4012 977 1417 4592 8724 5948
3787 3803 1013 7530 8312 7047 2119 7172 5940 2552 3140 2762 1314 104 6086 6665 4630 9692 1726 6848 3675 5420 7871 2028 8355 1907 156 9327 7726 3197 5313 4436 9525 4163 6967 4265 2203 4416 3904 2100 9453 4707 858 5261 7246 5839 1792 5257 3358 68 5680 445 9403 5011 4785 1180 5366 55 5442 7477 6629 5257 1343 9167 3509 2758
2650 7572 4920 8797 7143 5356 2202 1155 1031 4495 8208 4744 1650 4189 4210 1661 7519 6967 857 7720 371 2597 6468 7616 9679 4485 7810 2575 9697 8591 3377 512 8981 4828 9171 8687 2427 968 6990 8866 5800 9053 5200 4969 2765 4301 2022 3233 4418 6505 1311 4863 1320 3947 839 1194 8024 9802 3075 1342 110 1044 8465 2363 3713 9849 1219
3101 3883 1788 1927 658 1295 6855 1541 9056 3687 5866 8452 830 2174 1846 6986 5317 4324 7829 3307 695 8067 5144 586 8508 8102 4187 6650 706 4800 7710 4143 9164 5612 6602 3176 7724 8978 8164 6490 6722 728 6897 7107 17 2990 7779 8490 4526 5601 2050 7198 2255 5 5487 8041 4828 5666 9193 1737 520 8971 2874 5068 3785 4640 618 3539
4865 1057 4154 6803 6706 8809 1744 8839 5993 9698 4901 5021 2954 9253 909 4399 249 2582 7684 5991 4998 8277 2062 3945 3320 4827 574 5188 7355 9516 2728 9589 4802 9837 6796 2614 948 7392 8088 479 3197 4299 9737 7808 8104 2103 5979 7790 910 3176 7935 4836 7561 4630 1894 9731 9255 4717 88 7296 9459 1737 3982 6541 3453 5448 47 3320 348
171 9912 7057 5809 5641 4344 5032 6057 319 4600 6603 8082 4626 3124 5812 8158 7041 5061 7959 657 6134 2172 7887 3200 5090 9230 760 4318 8746 2939 5344 3608 3122 3324 9794 4385 7447 7654 9927 8841 8699 6838 10 5704 8629 4333 6035 389 3294 7551 1508 7656 5090 1768 5723 6771 7281 6524 4548 9153 1033 4535 3703 8539 4942 3096 4545 3637 7068 7989
3744 3771 8038 3826 315 6844 7383 8703 3009 2962 4760 3768 4945 3979 3469 5021 2922 7583 8693 4685 9453 1197 5783 6359 7295 8384 1034 2676 6481 7759 4973 5457 3849 4392 8134 8369 5076 3711 9344 2085 9208 7915 6503 1929 5693 4877 9860 8043 3907 9547 7805 8043 5192 7864 5139 2168 7383 3159 3862 940 1840 5060 6453 5321 2980 903 1651 9371 309 9633 2735
2810 8454 7134 8238 6077 7756 1961 4786 7541 1854 5662 713 5514 4515 3296 4246 7616 8467 2427 7960 2807 9296 1414 3931 5912 1857 187 1393 4660 9175 3528 6894 9210 3861 6856 6953 4185 2007 4505 3217 3200 9601 507 114 5897 1431 1871 5013 7475 2484 4367 881 720 1864 805 1431 538 9191 1819 8788 983 3508 9144 3644 4793 4689 1404 7906 5420 7344 2384 9862
7096 2280 6885 8927 782 1025 4430 4811 9890 846 8098 47 434 9927 7204 7589 3352 8534 4198 2864 6546 2917 2944 8923 9417 1719 9505 4102 9886 4881 5423 2177 3933 5051 3498 5016 7625 1488 6072 7745 1650 6466 5810 6393 8343 4188 8979 8055 1224 2181 1232 3549 7024 5212 5886 2566 221 1692 4708 1334 62 2575 1193 2766 108 2776 6343 9125 253 5068 6955 7175 1263
8830 6070 2331 8277 4778 3095 2955 1788 8535 2010 3357 5405 6307 7911 9609 9310 4854 1105 1546 4280 3525 1004 1037 6843 8787 2541 2780 6936 1260 5072 7572 8062 5243 3784 8099 9943 749 3598 7210 3678 8034 5580 8702 9398 4632 5844 600 6428 4881 6959 939 5933 1958 1855 6046 6083 2409 230 1319 9706 3181 7455 4511 4445 1151 5982 1508 5411 5160 9250 4613 346 544 8089
2738 3145 1009 1170 919 2913 8199 1224 4451 9914 5228 2920 2234 8662 7426 6166 9349 1998 4509 9590 9092 5002 8857 5698 7499 1394 6299 8529 384 2445 9391 3811 2867 8379 3200 1617 1407 2285 3584 1524 8331 6514 7971 265 8866 1597 8646 1889 673 7639 8527 415 5871 8237 9448 4988 5580 6876 2940 7540 6939 5844 3513 2938 2648 7629 4437 1647 2992 8836 6021 4882 378 6583 6401
6044 9323 2960 4988 4554 1923 3326 1127 1114 1631 9999 1224 9817 4874 68 7414 6566 9535 5627 8677 1101 8856 2069 5997 1529 7847 8852 13 1359 2193 2792 1178 9032 9657 3838 2419 9951 3991 3356 4289 1016 1338 4907 2622 7646 9138 7534 8694 3325 7540 1537 1877 1617 3304 6758 4790 709 6202 3361 968 440 7937 5114 5003 1827 3538 5169 5213 9101 5270 4345 8791 4241 9044 1908 9462
8478 2928 721 9615 3538 4071 4001 2004 4501 6729 6461 1450 3158 1745 9447 4813 8729 4536 9940 3926 9901 9012 8835 748 9352 3972 1728 5019 787 2013 2190 4422 8464 939 7553 7233 9234 7663 7191 7482 7065 4620 3299 2605 76 8665 4176 3604 65 2485 6 7701 4545 8500 1138 3497 1274 5277 8869 8622 5283 6430 8726 9898 8413 2027 6243 5995 1340 2499 5247 2581 8109 5043 8635 9983 3168
2265 4777 9332 7434 8220 5801 8387 6864 3089 7280 5902 7230 8857 6967 9980 2620 567 322 4985 218 8346 4416 9821 5457 1948 4338 8716 9681 7768 2099 4498 301 8389 8042 4384 3442 4607 4747 8253 9110 9956 3434 9435 8845 7753 2874 7986 5875 618 791 6473 7773 2508 7772 8253 1616 3250 3672 8256 1636 5572 6517 6266 9382 4634 3918 2700 6375 58 6967 6891 9260 460 6651 7873 7466 481 2758
2132 8192 6334 3328 1453 6061 7149 1215 7854 7853 2112 4698 6017 738 8580 7593 9303 2712 803 4934 1788 6512 8191 8132 2790 6015 6105 2634 3906 5147 9131 8072 8535 9290 6869 929 3920 9187 2208 9683 5666 7348 2106 2478 4783 6958 880 7266 7212 3280 5979 4474 5857 7564 6268 2155 5114 3456 2810 3642 7907 5895 2146 7712 5216 2531 2076 1236 8107 7619 9943 4336 2269 8438 3412 8042 5036 4187 3748
5304 8992 1763 4678 8588 6294 3452 3063 2274 5519 1378 2487 6239 5751 4662 8990 4667 27 9931 7960 8076 9245 9608 9283 7857 8574 2684 5008 3301 6353 8004 9494 1129 5503 50 2075 7525 7430 7216 2207 2670 8434 2599 7132 7765 8613 7270 2034 4574 3272 6061 2687 7444 6823 5845 621 7843 9199 6318 774 1391 4759 3280 1646 7385 3685 4412 7960 841 5902 7565 5815 7012 7474 1538 345 8434 9515 9353 5870
